 [sensfix]
 global=0.002500
 aiming=0.001500
 aiming_sniper=0.001500
