 [sensfix]
 aiming_sniper=0.012500
 aiming=0.012500
 global=0.012500
